113 24.506666666666668 24
113 26.186666666666667 23
162 21.97 19
113 24.506666666666668 24
95 80.34 74
170 153.525 142
113 27.546666666666667 26
114 18.903333333333332 18
24 18.02 18
24 18.02 18
24 18.02 18
24 18.02 18
24 18.02 18
24 18.02 18
24 18.02 18
24 18.02 18
24 18.02 18
24 18.02 18
24 18.02 18
209 28.036666666666665 24
208 19.615 18
161 18.573333333333334 18
161 18.573333333333334 18
161 18.573333333333334 18
161 18.573333333333334 18
161 18.573333333333334 18
161 18.573333333333334 18
92 83.47333333333333 78
90 83.44 78
185 177.53333333333333 176
178 176.06666666666666 176
78 78.0 78
209 28.546666666666667 24
208 19.608333333333334 18
161 18.57 18
209 28.036666666666665 24
114 19.458333333333332 18
209 28.54 24
303 23.145 19
33 19.453333333333333 19
33 19.22 19
33 19.25 19
